#    ti [s]            T9 [GK]           de [g/cc]         R [km]       
  0.0000000000e+00  7.0000000000e+00  7.4039096789e+07  3.9961970994e+07
  5.2226761684e-04  6.8711728086e+00  6.9852872160e+07  4.0744830457e+07
  1.3372646176e-03  6.6799636605e+00  6.3928450013e+07  4.1966480228e+07
  2.1909350484e-03  6.4915411491e+00  5.8419921333e+07  4.3246100012e+07
  3.0851140500e-03  6.3060599197e+00  5.3308124368e+07  4.4586440616e+07
  4.0217238446e-03  6.1236634717e+00  4.8573648212e+07  4.5990383378e+07
  5.0027778682e-03  5.9444838230e+00  4.4196983748e+07  4.7460946364e+07
  6.0303850988e-03  5.7686412567e+00  4.0158663437e+07  4.9001290852e+07
  7.1067545903e-03  5.5962441505e+00  3.6439389105e+07  5.0614728129e+07
  8.2342002209e-03  5.4273888862e+00  3.3020147084e+07  5.2304726614e+07
  9.4151456676e-03  5.2621598372e+00  2.9882310410e+07  5.4074919305e+07
  1.0652129616e-02  5.1006294315e+00  2.7007727948e+07  5.5929111597e+07
  1.1947811219e-02  4.9428582861e+00  2.4378800602e+07  5.7871289460e+07
  1.3304975812e-02  4.7888954082e+00  2.1978544923e+07  5.9905628005e+07
  1.4726540899e-02  4.6387784584e+00  1.9790644618e+07  6.2036500463e+07
  1.6215562427e-02  4.4925340716e+00  1.7799490589e+07  6.4268487584e+07
  1.7775241357e-02  4.3501782291e+00  1.5990210249e+07  6.6606387484e+07
  1.9408930539e-02  4.2117166765e+00  1.4348686956e+07  6.9055225962e+07
  2.1120141927e-02  4.0771453813e+00  1.2861570427e+07  7.1620267302e+07
  2.2912554120e-02  3.9464510254e+00  1.1516279074e+07  7.4307025588e+07
  2.4790020280e-02  3.8196115249e+00  1.0300995176e+07  7.7121276563e+07
  2.6756576408e-02  3.6965965731e+00  9.2046538178e+06  8.0069070039e+07
  2.8816450020e-02  3.5773681993e+00  8.2169264833e+06  8.3156742907e+07
  3.0974069242e-02  3.4618813396e+00  7.3282001706e+06  8.6390932756e+07
  3.3234072320e-02  3.3500844140e+00  6.5295528370e+06  8.9778592146e+07
  3.5601317598e-02  3.2419199037e+00  5.8127259292e+06  9.3327003548e+07
  3.8080893957e-02  3.1373249264e+00  5.1700946938e+06  9.7043795005e+07
  4.0678131759e-02  3.0362318025e+00  4.5946368973e+06  1.0093695653e+08
  4.3398614302e-02  2.9385686117e+00  4.0799005169e+06  1.0501485727e+08
  4.6248189824e-02  2.8442597327e+00  3.6199709016e+06  1.0928626352e+08
  4.9232984077e-02  2.7532263671e+00  3.2094378324e+06  1.1376035755e+08
  5.2359413491e-02  2.6653870408e+00  2.8433628547e+06  1.1844675734e+08
  5.5634198971e-02  2.5806580844e+00  2.5172471923e+06  1.2335553729e+08
  5.9064380345e-02  2.4989540872e+00  2.2270005011e+06  1.2849724981e+08
  6.2657331495e-02  2.4201883267e+00  1.9689106677e+06  1.3388294810e+08
  6.6420776211e-02  2.3442731695e+00  1.7396148172e+06  1.3952420981e+08
  7.0362804794e-02  2.2711204452e+00  1.5360716470e+06  1.4543316200e+08
  7.4491891447e-02  2.2006417909e+00  1.3555351751e+06  1.5162250718e+08
  7.8816912495e-02  2.1327489683e+00  1.1955299536e+06  1.5810555064e+08
  8.3347165462e-02  2.0673541507e+00  1.0538277758e+06  1.6489622900e+08
  8.8092389062e-02  2.0043701835e+00  9.2842587914e+05  1.7200914023e+08
  9.3062784132e-02  1.9437108158e+00  8.1752662967e+05  1.7945957501e+08
  9.8269035562e-02  1.8852909061e+00  7.1951865656e+05  1.8726354958e+08
  1.0372233526e-01  1.8290266018e+00  6.3295939321e+05  1.9543784019e+08
  1.0943440623e-01  1.7748354939e+00  5.5655897201e+05  2.0400001916e+08
  1.1541752774e-01  1.7226367477e+00  4.8916541230e+05  2.1296849267e+08
  1.2168456173e-01  1.6723512120e+00  4.2975103597e+05  2.2236254031e+08
  1.2824898051e-01  1.6239015057e+00  3.7740004206e+05  2.3220235651e+08
  1.3512489564e-01  1.5772120862e+00  3.3129716958e+05  2.4250909399e+08
  1.4232708831e-01  1.5322092977e+00  2.9071737764e+05  2.5330490921e+08
  1.4987104113e-01  1.4888214033e+00  2.5501647241e+05  2.6461301000e+08
  1.5777297137e-01  1.4469786006e+00  2.2362261174e+05  2.7645770546e+08
  1.6604986588e-01  1.4066130226e+00  1.9602862056e+05  2.8886445821e+08
  1.7471951754e-01  1.3676587253e+00  1.7178505273e+05  3.0185993911e+08
  1.8380056355e-01  1.3300516622e+00  1.5049393779e+05  3.1547208464e+08
  1.9331252551e-01  1.2937296481e+00  1.3180315466e+05  3.2973015691e+08
  2.0327585132e-01  1.2586323114e+00  1.1540137729e+05  3.4466480659e+08
  2.1371195923e-01  1.2247010380e+00  1.0101354114e+05  3.6030813880e+08
  2.2464328379e-01  1.1918789050e+00  8.8396782593e+04  3.7669378209e+08
  2.3609332414e-01  1.1601106070e+00  7.7336806893e+04  3.9385696080e+08
  2.4808669451e-01  1.1293423751e+00  6.7644643638e+04  4.1183457072e+08
  2.6064917712e-01  1.0995218882e+00  5.9153752018e+04  4.3066525842e+08
  2.7380777762e-01  1.0705981783e+00  5.1717441120e+04  4.5038950436e+08
  2.8759078314e-01  1.0425215304e+00  4.5206573567e+04  4.7104970987e+08
  3.0202782309e-01  1.0152433761e+00  3.9507523542e+04  4.9269028833e+08
  3.1714993286e-01  9.8871618403e-01  3.4520362832e+04  5.1535776063e+08
  3.3298962056e-01  9.6289334551e-01  3.0157250996e+04  5.3910085517e+08
  3.4958093685e-01  9.3772905876e-01  2.6341007970e+04  5.6397061264e+08
  3.6695954820e-01  9.1317821228e-01  2.3003849547e+04  5.9002049571e+08
  3.8516281352e-01  8.8919627057e-01  2.0086268077e+04  6.1730650397e+08
  4.0422986448e-01  8.6573916596e-01  1.7536042478e+04  6.4588729435e+08
  4.2420168965e-01  8.4276320202e-01  1.5307363287e+04  6.7582430713e+08
  4.4512122257e-01  8.2022497678e-01  1.3360059940e+04  7.0718189810e+08
  4.6703343411e-01  7.9808133690e-01  1.1658918791e+04  7.4002747689e+08
  4.8998542908e-01  7.7628937895e-01  1.0173081614e+04  7.7443165183e+08
  5.1402654753e-01  7.5480651979e-01  8.8755154173e+03  8.1046838180e+08
  5.3920847081e-01  7.3359066598e-01  7.7425453924e+03  8.4821513518e+08
  5.6558533265e-01  7.1260052191e-01  6.7534437084e+03  8.8775305641e+08
  5.9321383557e-01  6.9179608680e-01  5.8900676725e+03  9.2916714042e+08
  6.2215337273e-01  6.7113940186e-01  5.1365414912e+03  9.7254641531e+08
  6.5246615563e-01  6.5059561502e-01  4.4789765153e+03  1.0179841338e+09
  6.8421734787e-01  6.3013442755e-01  3.9052254309e+03  1.0655779736e+09
  7.1747520517e-01  6.0973196288e-01  3.4046663712e+03  1.1154302476e+09
  7.5231122216e-01  5.8937303896e-01  2.9680133896e+03  1.1676481234e+09
  7.8880028606e-01  5.6905371875e-01  2.5871501413e+03  1.2223438541e+09
  8.2702083762e-01  5.4878385214e-01  2.2549839871e+03  1.2796350196e+09
  8.6705503982e-01  5.2858912922e-01  1.9653180609e+03  1.3396447790e+09
  9.0898895443e-01  5.0851200460e-01  1.7127391265e+03  1.4025021357e+09
  9.5291272706e-01  4.8861083496e-01  1.4925193088e+03  1.4683422145e+09
  9.9892078090e-01  4.6895680953e-01  1.3005300103e+03  1.5373065523e+09
  1.0471120198e+00  4.4962877081e-01  1.1331665250e+03  1.6095434020e+09
  1.0975900407e+00  4.3070667088e-01  9.8728203920e+02  1.6852080519e+09
  1.1504633566e+00  4.1226489782e-01  8.6012986701e+02  1.7644631585e+09
  1.2058456295e+00  3.9436676888e-01  7.4931290571e+02  1.8474790972e+09
  1.2638559151e+00  3.7706108288e-01  6.5273942052e+02  1.9344343278e+09
  1.3246189185e+00  3.6038097079e-01  5.6858437511e+02  2.0255157785e+09
  1.3882652623e+00  3.4434469384e-01  4.9525562014e+02  2.1209192477e+09
  1.4549317674e+00  3.2895771868e-01  4.3136433597e+02  2.2208498248e+09
  1.5247617472e+00  3.1421536716e-01  3.7569919978e+02  2.3255223313e+09
  1.5979053157e+00  3.0010549228e-01  3.2720381228e+02  2.4351617823e+09
  1.6745197101e+00  2.8661084483e-01  2.8495697647e+02  2.5500038703e+09
  1.7547696288e+00  2.7371098334e-01  2.4815547121e+02  2.6702954722e+09
  1.8388275856e+00  2.6138371020e-01  2.1609900674e+02  2.7962951796e+09
  1.9268742804e+00  2.4960608829e-01  1.8817708778e+02  2.9282738549e+09
  2.0190989877e+00  2.3835512140e-01  1.6385754434e+02  3.0665152134e+09
  2.1156999636e+00  2.2760818399e-01  1.4267651988e+02  3.2113164334e+09
  2.2168848718e+00  2.1734327488e-01  1.2422973301e+02  3.3629887952e+09
  2.3228712302e+00  2.0753915361e-01  1.0816485174e+02  3.5218583496e+09
  2.4338868783e+00  1.9817540254e-01  9.4174839491e+01  3.6882666196e+09
  2.5501704670e+00  1.8923244433e-01  8.1992149805e+01  3.8625713342e+09
  2.6719719721e+00  1.8069153398e-01  7.1383662076e+01  4.0451471971e+09
  2.7995532310e+00  1.7253473760e-01  6.2146264234e+01  4.2363866930e+09
  2.9331885058e+00  1.6474490461e-01  5.4103000156e+01  4.4367009307e+09
  3.0731650732e+00  1.5730563745e-01  4.7099709952e+01  4.6465205267e+09
  3.2197838418e+00  1.5020126069e-01  4.1002100364e+01  4.8662965318e+09
  3.3733599988e+00  1.4341679062e-01  3.5693190457e+01  5.0965013998e+09
  3.5342236878e+00  1.3693790573e-01  3.1071084732e+01  5.3376300034e+09
  3.7027207185e+00  1.3075091819e-01  2.7047031850e+01  5.5902006985e+09
  3.8792133101e+00  1.2484274658e-01  2.3543732482e+01  5.8547564378e+09
  4.0640808699e+00  1.1920088951e-01  2.0493864434e+01  6.1318659384e+09
  4.2577208087e+00  1.1381340056e-01  1.7838797230e+01  6.4221249045e+09
  4.4605493955e+00  1.0866886408e-01  1.5527471917e+01  6.7261573076e+09
  4.6730026524e+00  1.0375637206e-01  1.3515424902e+01  7.0446167280e+09
  4.8955372913e+00  9.9065501991e-02  1.1763937378e+01  7.3781877600e+09
  5.1286316964e+00  9.4586295633e-02  1.0239294205e+01  7.7275874833e+09
  5.3727869523e+00  9.0309238658e-02  1.0000000000e+01  8.0935670047e+09
  5.6285279210e+00  8.6225241187e-02  1.0000000000e+01  8.4769130728e+09
  5.8964043705e+00  8.2325619139e-02  1.0000000000e+01  8.8784497689e+09
  6.1769921564e+00  7.8602076374e-02  1.0000000000e+01  9.2990402791e+09
  6.4708944602e+00  7.5046687599e-02  1.0000000000e+01  9.7395887495e+09
  6.7787430855e+00  7.1651882009e-02  1.0000000000e+01  1.0201042230e+10
  7.1011998165e+00  6.8410427629e-02  1.0000000000e+01  1.0684392710e+10
  7.4389578403e+00  6.5315416327e-02  1.0000000000e+01  1.1190679250e+10
  7.7927432375e+00  6.2360249477e-02  1.0000000000e+01  1.1720990220e+10
  8.1633165430e+00  5.9538624245e-02  1.0000000000e+01  1.2276465630e+10
  8.5514743804e+00  5.6844520463e-02  1.0000000000e+01  1.2858299591e+10
  8.9580511750e+00  5.4272188075e-02  1.0000000000e+01  1.3467742874e+10
  9.3839209477e+00  5.1816135136e-02  1.0000000000e+01  1.4106105604e+10
  9.8299991934e+00  4.9471116325e-02  1.0000000000e+01  1.4774760073e+10
  1.0297244849e+01  4.7232121964e-02  1.0000000000e+01  1.5475143691e+10
  1.0786662356e+01  4.5094367522e-02  1.0000000000e+01  1.6208762078e+10
  1.1299303818e+01  4.3053283570e-02  1.0000000000e+01  1.6977192298e+10
  1.1836271264e+01  4.1104506184e-02  1.0000000000e+01  1.7782086250e+10
  1.2398719016e+01  3.9243867768e-02  1.0000000000e+01  1.8625174220e+10
  1.2987856171e+01  3.7467388278e-02  1.0000000000e+01  1.9508268599e+10
  1.3604949201e+01  3.5771266841e-02  1.0000000000e+01  2.0433267781e+10
  1.4251324675e+01  3.4151873734e-02  1.0000000000e+01  2.1402160242e+10
  1.4928372112e+01  3.2605742723e-02  1.0000000000e+01  2.2417028817e+10
  1.5637546962e+01  3.1129563741e-02  1.0000000000e+01  2.3480055176e+10
  1.6380373745e+01  2.9720175889e-02  1.0000000000e+01  2.4593524512e+10
  1.7158449320e+01  2.8374560750e-02  1.0000000000e+01  2.5759830457e+10
  1.7973446321e+01  2.7089835993e-02  1.0000000000e+01  2.6981480228e+10
  1.8827116752e+01  2.5863249269e-02  1.0000000000e+01  2.8261100012e+10
  1.9721295754e+01  2.4692172375e-02  1.0000000000e+01  2.9601440616e+10
  2.0657905548e+01  2.3574095676e-02  1.0000000000e+01  3.1005383378e+10
  2.1638959572e+01  2.2506622780e-02  1.0000000000e+01  3.2475946364e+10
  2.2666566802e+01  2.1487465444e-02  1.0000000000e+01  3.4016290852e+10
  2.3742936294e+01  2.0514438717e-02  1.0000000000e+01  3.5629728129e+10
  2.4870381924e+01  1.9585456287e-02  1.0000000000e+01  3.7319726614e+10
  2.6051327371e+01  1.8698526045e-02  1.0000000000e+01  3.9089919305e+10
  2.7288311320e+01  1.7851745848e-02  1.0000000000e+01  4.0944111597e+10
  2.8583992923e+01  1.7043299465e-02  1.0000000000e+01  4.2886289460e+10
  2.9941157515e+01  1.6271452708e-02  1.0000000000e+01  4.4920628005e+10
  3.1362722602e+01  1.5534549739e-02  1.0000000000e+01  4.7051500463e+10
  3.2851744131e+01  1.4831009534e-02  1.0000000000e+01  4.9283487584e+10
  3.4411423061e+01  1.4159322518e-02  1.0000000000e+01  5.1621387484e+10
  3.6045112243e+01  1.3518047340e-02  1.0000000000e+01  5.4070225962e+10
  3.7756323630e+01  1.2905807795e-02  1.0000000000e+01  5.6635267302e+10
  3.9548735824e+01  1.2321289892e-02  1.0000000000e+01  5.9322025588e+10
  4.1426201984e+01  1.1763239039e-02  1.0000000000e+01  6.2136276563e+10
  4.3392758111e+01  1.1230457373e-02  1.0000000000e+01  6.5084070039e+10
  4.5452631724e+01  1.0721801190e-02  1.0000000000e+01  6.8171742907e+10
  4.7610250946e+01  1.0236178508e-02  1.0000000000e+01  7.1405932756e+10
  4.9870254024e+01  9.7725467283e-03  1.0000000000e+01  7.4793592146e+10
  5.2237499301e+01  9.3299104072e-03  1.0000000000e+01  7.8342003548e+10
  5.4717075661e+01  8.9073191262e-03  1.0000000000e+01  8.2058795005e+10
  5.7314313462e+01  8.5038654586e-03  1.0000000000e+01  8.5951956528e+10
  6.0034796005e+01  8.1186830278e-03  1.0000000000e+01  9.0029857271e+10
  6.2884371528e+01  7.7509446526e-03  1.0000000000e+01  9.4301263522e+10
  6.5869165781e+01  7.3998605761e-03  1.0000000000e+01  9.8775357550e+10
  6.8995595195e+01  7.0646767752e-03  1.0000000000e+01  1.0346175734e+11
  7.2270380675e+01  6.7446733450e-03  1.0000000000e+01  1.0837053729e+11
  7.5700562049e+01  6.4391629575e-03  1.0000000000e+01  1.1351224981e+11
  7.9293513199e+01  6.1474893883e-03  1.0000000000e+01  1.1889794810e+11
  8.3056957915e+01  5.8690261112e-03  1.0000000000e+01  1.2453920981e+11
  8.6998986497e+01  5.6031749549e-03  1.0000000000e+01  1.3044816200e+11
  9.1128073151e+01  5.3493648215e-03  1.0000000000e+01  1.3663750718e+11
  9.5453094198e+01  5.1070504618e-03  1.0000000000e+01  1.4312055064e+11
  9.9983347165e+01  4.8757113066e-03  1.0000000000e+01  1.4991122900e+11
  1.2587588834e+02  3.8729948589e-03  1.0000000000e+01  1.8872317182e+11
  1.3941605129e+03  1.0000000000e-03  1.0000000000e+01  2.0898339970e+12
  1.5439579301e+04  1.0000000000e-03  1.0000000000e+01  2.3143387108e+13
  1.7098336270e+05  1.0000000000e-03  1.0000000000e+01  2.5629765287e+14
  1.8935285513e+06  1.0000000000e-03  1.0000000000e+01  2.8383279334e+15
  2.0969584578e+07  1.0000000000e-03  1.0000000000e+01  3.1432616559e+16
  2.3222436961e+08  1.0000000000e-03  1.0000000000e+01  3.4809557291e+17
  2.5717322919e+09  1.0000000000e-03  1.0000000000e+01  3.8549297255e+18
  2.8480245169e+10  1.0000000000e-03  1.0000000000e+01  4.2690813518e+19
  3.1540000000e+11  1.0000000000e-03  1.0000000000e+01  4.7277270627e+20
