 zn66   30   36   66    5.7456539966e-07
 zn67   30   37   67    8.5713650096e-08
 zn68   30   38   68    3.9783365079e-07
 zn70   30   40   70    1.3541945447e-08
 ga69   31   38   69    2.4658802167e-08
 ga71   31   40   71    1.6839786387e-08
 ge72   32   40   72    5.9348179811e-08
 ge73   32   41   73    1.6786598022e-08
 ge74   32   42   74    7.9256953178e-08
 ge76   32   44   76    1.6858203311e-08
 as75   33   42   75    1.1461793870e-08
 se77   34   43   77    9.8512444757e-09
 se78   34   44   78    3.1070744141e-08
 se80   34   46   80    6.6500403603e-08
 se82   34   48   82    1.1996903652e-08
 br79   35   44   79    1.1394793022e-08
 br81   35   46   81    1.1367018848e-08
 kr83   36   47   83    1.4316979629e-08
 kr84   36   48   84    7.1381041917e-08
 kr86   36   50   86    2.2103988806e-08
 rb85   37   48   85    1.9139883029e-08
 rb87   37   50   87    7.5560629542e-09
 sr88   38   50   88    4.7186220120e-08
  y89   39   50   89    1.1313092473e-08
 zr90   40   50   90    1.4120045651e-08
 zr91   40   51   91    3.1141654752e-09
 zr92   40   52   92    4.8099656748e-09
 zr94   40   54   94    4.9816011861e-09
 zr96   40   56   96    8.1934246084e-10
 nb93   41   52   93    1.9172302778e-09
 mo95   42   53   95    9.8596324857e-10
 mo97   42   55   97    6.0422445861e-10
 mo98   42   56   98    1.5417960170e-09
mo100   42   58  100    6.2802283079e-10
 ru99   44   55   99    6.8486617726e-10
ru101   44   57  101    9.3431157877e-10
ru102   44   58  102    1.7450867417e-09
ru104   44   60  104    1.0500927736e-09
rh103   45   58  103    1.0642129885e-09
pd105   46   59  105    9.0005562941e-10
pd106   46   60  106    1.1120820409e-09
pd108   46   62  108    1.0969957013e-09
pd110   46   64  110    4.9489336039e-10
ag107   47   60  107    3.7864602224e-10
ag109   47   62  109    3.5835339290e-10
cd111   48   63  111    6.5572883063e-10
cd112   48   64  112    1.2472878016e-09
cd113   48   65  113    6.3729568768e-10
cd114   48   66  114    1.5115823343e-09
cd116   48   68  116    4.0098777956e-10
in115   49   66  115    3.4344370621e-09
sn117   50   67  117    7.0390193363e-10
sn118   50   68  118    2.2402746617e-09
sn119   50   69  119    8.0071615594e-10
sn120   50   70  120    3.0654688904e-09
sn122   50   72  122    4.4262744818e-10
sn124   50   74  124    5.6262181205e-10
sb121   51   70  121    5.4258954548e-10
sb123   51   72  123    4.1248511291e-10
te125   52   73  125    1.0832750121e-09
te126   52   74  126    2.8987911266e-09
te128   52   76  128    4.9235961555e-09
te130   52   78  130    5.3338221905e-09
 i127   53   74  127    3.2210320885e-09
xe129   54   75  129    5.1698932251e-09
xe131   54   77  131    4.1679175551e-09
xe132   54   78  132    5.0782101307e-09
xe134   54   80  134    1.8891796344e-09
xe136   54   82  136    1.5620861116e-09
cs133   55   78  133    1.2247373752e-09
ba135   56   79  135    1.0316735532e-09
ba137   56   81  137    1.7838937846e-09
ba138   56   82  138    1.1470530798e-08
la139   57   82  139    1.4682984849e-09
ce140   58   82  140    3.6898804309e-09
ce142   58   84  142    4.7027302396e-10
pr141   59   82  141    5.6677468347e-10
nd143   60   83  143    3.8506236466e-10
nd144   60   84  144    7.5801511360e-10
nd145   60   85  145    2.6585046545e-10
nd146   60   86  146    5.5375094625e-10
nd148   60   88  148    1.8765707305e-10
nd150   60   90  150    1.8621681959e-10
sm147   62   85  147    1.7677009389e-10
sm148   62   86  148    1.3342663687e-10
sm149   62   87  149    1.6513954090e-10
sm152   62   90  152    3.2600962846e-10
sm154   62   92  154    2.8101637697e-10
eu151   63   88  151    1.8736437615e-10
eu153   63   90  153    2.0723831766e-10
gd155   64   91  155    2.3701666069e-10
gd156   64   92  156    3.2988106394e-10
gd157   64   93  157    2.5389565729e-10
gd158   64   94  158    4.0542202218e-10
gd160   64   96  160    3.6143566097e-10
tb159   65   94  159    2.3745890168e-10
dy161   66   95  161    3.2938872965e-10
dy162   66   96  162    4.4711249164e-10
dy163   66   97  163    4.3911500932e-10
dy164   66   98  164    5.0018452866e-10
ho165   67   98  165    4.1848054693e-10
er166   68   98  166    3.7219276862e-10
er167   68   99  167    2.5545349935e-10
er168   68  100  168    3.0024330065e-10
er170   68  102  170    1.6931680295e-10
tm169   69  100  169    1.3245795173e-10
yb171   70  101  171    2.3009948584e-10
yb172   70  102  172    3.5381277764e-10
yb173   70  103  173    2.6294916796e-10
yb174   70  104  174    5.2188788736e-10
yb176   70  106  176    2.1161900721e-10
lu175   71  104  175    1.5341212023e-10
hf177   72  105  177    1.9571066547e-10
hf178   72  106  178    2.8874825849e-10
hf179   72  107  179    1.4497769077e-10
hf180   72  108  180    3.7546800738e-10
ta180   73  107  180    1.1731916058e-14
ta181   73  108  181    9.5899531116e-11
 w182   74  108  182    4.8694959496e-10
 w183   74  109  183    2.6447906241e-10
 w184   74  110  184    5.6928415514e-10
 w186   74  112  186    5.3384907987e-10
re185   75  110  185    9.2089780134e-11
re187   75  112  187    1.5581926274e-10
os188   76  112  188    5.5177214403e-10
os189   76  113  189    6.7631139056e-10
os190   76  114  190    1.1056644648e-09
os192   76  116  192    1.7352682591e-09
ir191   77  114  191    1.3384661586e-09
ir193   77  116  193    2.2761982246e-09
pt194   78  116  194    2.1881268155e-09
pt195   78  117  195    2.2570852657e-09
pt196   78  118  196    1.6926427850e-09
pt198   78  120  198    4.8526747040e-10
au197   79  118  197    1.5800017085e-09
hg199   80  119  199    3.5500683390e-10
hg200   80  120  200    4.8838025461e-10
hg201   80  121  201    2.8011460152e-10
hg202   80  122  202    6.3778769219e-10
hg204   80  124  204    1.4806828268e-10
tl203   81  122  203    3.7313205929e-10
tl205   81  124  205    8.9946949350e-10
pb206   82  124  206    3.0249246870e-09
pb207   82  125  207    3.3405503538e-09
pb208   82  126  208    9.5684200799e-09
bi209   83  126  209    7.3170768524e-10
