 fe56   26   30   56  8.2500000000e+05
 fe57   26   31   57  1.9800000000e+04
 co59   27   32   59  2.2500000000e+03
 ni58   28   30   58  3.3700000000e+04
 ni60   28   32   60  1.2900000000e+04
 ni61   28   33   61  5.5700000000e+02
 ni62   28   34   62  1.7700000000e+03
 cu63   29   34   63  3.6100000000e+02
 cu65   29   36   65  1.6100000000e+02
 zn64   30   34   64  6.1300000000e+02
 zn66   30   36   66  3.5200000000e+02
 zn67   30   37   67  5.1700000000e+01
 zn68   30   38   68  2.3600000000e+02
 ga69   31   38   69  2.2700000000e+01
 ga71   31   40   71  1.5100000000e+01
 ge70   32   38   70  2.4400000000e+01
 ge72   32   40   72  3.2600000000e+01
 ge73   32   41   73  9.2800000000e+00
 as75   33   42   75  6.5600000000e+00
 se74   34   40   74  5.5000000000e-01
 se76   34   42   76  5.6000000000e+00
 se77   34   43   77  4.7000000000e+00
 br79   35   44   79  5.9800000000e+00
 br81   35   46   81  5.8200000000e+00
 kr78   36   42   78  1.5300000000e-01
 kr80   36   44   80  9.9900000000e-01
 kr82   36   46   82  5.1500000000e+00
 kr83   36   47   83  5.1600000000e+00
 rb85   37   48   85  5.1200000000e+00
 sr84   38   46   84  1.3200000000e-01
 sr86   38   48   86  2.3200000000e+00
 sr87   38   49   87  1.6400000000e+00
 sr88   38   50   88  1.9410000000e+01
  y89   39   50   89  4.6400000000e+00
 zr90   40   50   90  5.8700000000e+00
 zr91   40   51   91  1.2800000000e+00
 nb93   41   52   93  6.9800000000e-01
 mo92   42   50   92  3.7800000000e-01
 mo94   42   52   94  2.3600000000e-01
 mo95   42   53   95  4.0600000000e-01
 mo97   42   55   97  2.4400000000e-01
 ru96   44   52   96  1.0300000000e-01
 ru98   44   54   98  3.5000000000e-02
 ru99   44   55   99  2.3600000000e-01
ru100   44   56  100  2.3400000000e-01
ru101   44   57  101  3.1600000000e-01
rh103   45   58  103  3.4400000000e-01
pd102   46   56  102  1.4200000000e-02
pd104   46   58  104  1.5500000000e-01
pd105   46   59  105  3.1000000000e-01
ag107   47   60  107  2.5200000000e-01
ag109   47   62  109  2.3400000000e-01
cd106   48   58  106  2.0100000000e-02
cd108   48   60  108  1.4300000000e-02
cd110   48   62  110  2.0100000000e-01
cd111   48   63  111  2.0600000000e-01
in113   49   64  113  7.9000000000e-03
sn112   50   62  112  3.7200000000e-02
sn114   50   64  114  2.5200000000e-02
sn115   50   65  115  1.2900000000e-02
sn116   50   66  116  5.5500000000e-01
sn117   50   67  117  2.9300000000e-01
sn118   50   68  118  9.2500000000e-01
sn119   50   69  119  3.2800000000e-01
sb121   51   70  121  1.7700000000e-01
te120   52   68  120  4.3000000000e-03
te122   52   70  122  1.2400000000e-01
te123   52   71  123  4.2800000000e-02
te125   52   73  125  3.4200000000e-01
 i127   53   74  127  9.0000000000e-01
xe124   54   70  124  5.7100000000e-03
xe126   54   72  126  5.0900000000e-03
xe128   54   74  128  1.0300000000e-01
xe129   54   75  129  1.2800000000e+00
ba130   56   74  130  4.7600000000e-03
