#   Z    N    A      Mode     Proc.
    1    0    1         0         u
    1    1    2         0         u
    2    1    3         0         u
    2    2    4         0         u
    3    3    6         0         x
    3    4    7         0         u
    4    5    9         0         x
    5    5   10         0         x
    5    6   11         0         x
    6    6   12         0         e
    6    7   13         0         e
    7    7   14         0         e
    7    8   15         0         e
    8    8   16         0         e
    8    9   17         0         e
    8   10   18         0         e
    9   10   19         0         e
   10   10   20         0         e
   10   11   21         0         e
   10   12   22         0         e
   11   12   23         0         e
   12   12   24         0         e
   12   13   25         0         e
   12   14   26         0         e
   13   14   27         0         e
   14   14   28         0         e
   14   15   29         0         e
   14   16   30         0         e
   15   16   31         0         e
   16   16   32         0         e
   16   17   33         0         b
   16   18   34         0         e
   16   20   36        -1         b
   17   18   35         0         b
   17   20   37         0         b
   18   18   36         0         b
   18   20   38         0         e
   18   22   40        -1         s
   19   20   39         0         b
   19   21   40         0         s
   19   22   41         0         b
   20   20   40         0         b
   20   22   42         0         b
   20   23   43         0         b
   20   24   44         0         b
   20   26   46         0         b
   20   28   48         0         e
   21   24   45         0         b
   22   24   46         0         b
   22   25   47         0         b
   22   26   48         0         b
   22   27   49         0         b
   22   28   50         0         e
   23   27   50         0         b
   23   28   51         0         b
   24   26   50         0         b
   24   28   52         0         b
   24   29   53         0         b
   24   30   54         0         e
   25   30   55         0         b
   26   28   54         1         b
   26   30   56         0         b
   26   31   57         0         e
   26   32   58         0         e
   27   32   59         0         e
   28   30   58         1         e
   28   32   60         0         e
   28   33   61         0         e
   28   34   62         0         e
   28   36   64         0         b
   29   34   63         0         b
   29   36   65         0         b
   30   34   64         0         b
   30   36   66         0         e
   30   37   67         0         e
   30   38   68         0         e
   30   40   70         0         e
   31   38   69         0         s
   31   40   71         0         s
   32   38   70         0         s
   32   40   72         0         s
   32   41   73         0         b
   32   42   74         0         b
   32   44   76        -1         b
   33   42   75         0         r
   34   40   74         1         p
   34   42   76         0         s
   34   43   77         0         r
   34   44   78         0         r
   34   46   80         0         r
   34   48   82        -1         r
   35   44   79         0         r
   35   46   81         0         r
   36   42   78         0         p
   36   44   80         0         s
   36   46   82         0         s
   36   47   83         0         r
   36   48   84         0         r
   36   50   86        -1         s
   37   48   85         0         r
   37   50   87         0         s
   38   46   84         1         p
   38   48   86         0         s
   38   49   87         0         s
   38   50   88         0         s
   39   50   89         0         s
   40   50   90         0         s
   40   51   91         0         s
   40   52   92         0         s
   40   54   94        -1         s
   40   56   96         0         r
   41   52   93         0         s
   42   50   92         1         p
   42   52   94         0         p
   42   53   95         0         r
   42   54   96         0         s
   42   55   97         0         r
   42   56   98         0         r
   42   58  100         0         r
   44   52   96         1         p
   44   54   98         0         p
   44   55   99         0         r
   44   56  100         0         s
   44   57  101         0         r
   44   58  102         0         r
   44   60  104        -1         r
   45   58  103         0         r
   46   56  102         1         p
   46   58  104         0         s
   46   59  105         0         r
   46   60  106         0         r
   46   62  108        -1         r
   46   64  110        -1         r
   47   60  107         0         r
   47   62  109         0         r
   48   58  106         0         p
   48   60  108         0         p
   48   62  110         0         s
   48   63  111         0         r
   48   64  112         0         s
   48   65  113         0         r
   48   66  114         0         s
   48   68  116         0         r
   49   64  113         0         p
   49   66  115         0         r
   50   62  112         0         p
   50   64  114         0         p
   50   65  115         0         p
   50   66  116         0         s
   50   67  117         0         r
   50   68  118         0         s
   50   69  119         0         s
   50   70  120         0         s
   50   72  122        -1         r
   50   74  124         0         r
   51   70  121         0         r
   51   72  123         0         r
   52   68  120         1         p
   52   70  122         0         s
   52   71  123         0         s
   52   72  124         0         s
   52   73  125         0         r
   52   74  126         0         r
   52   76  128         0         r
   52   78  130         0         r
   53   74  127         0         r
   54   70  124         0         p
   54   72  126         1         p
   54   74  128         0         s
   54   75  129         0         r
   54   76  130         0         s
   54   77  131         0         r
   54   78  132         0         r
   54   80  134         0         r
   54   82  136         0         r
   55   78  133         0         r
   56   74  130         0         p
   56   76  132         0         p
   56   78  134         0         s
   56   79  135         0         r
   56   80  136         0         s
   56   81  137         0         s
   56   82  138         0         s
   57   81  138         0         p
   57   82  139         0         s
   58   78  136         0         p
   58   80  138         0         p
   58   82  140         0         s
   58   84  142         0         r
   59   82  141         0         r
   60   82  142         0         s
   60   83  143         0         r
   60   84  144         0         s
   60   85  145         0         r
   60   86  146         0         r
   60   88  148        -1         r
   60   90  150        -1         r
   62   82  144         1         p
   62   85  147         0         r
   62   86  148         0         s
   62   87  149         0         r
   62   88  150         0         s
   62   90  152         0         r
   62   92  154        -1         r
   63   88  151         0         r
   63   90  153         0         r
   64   88  152         1         p
   64   90  154         0         s
   64   91  155         0         r
   64   92  156         0         r
   64   93  157         0         r
   64   94  158         0         r
   64   96  160         0         r
   65   94  159         0         r
   66   90  156         1         p
   66   92  158         1         p
   66   94  160         0         s
   66   95  161         0         r
   66   96  162         0         r
   66   97  163         0         r
   66   98  164         0         r
   67   98  165         0         r
   68   94  162         1         p
   68   96  164         1         p
   68   98  166         0         r
   68   99  167         0         r
   68  100  168         0         r
   68  102  170        -1         r
   69  100  169         0         r
   70   98  168         1         p
   70  100  170         0         s
   70  101  171         0         r
   70  102  172         0         r
   70  103  173         0         r
   70  104  174         0         s
   70  106  176        -1         r
   71  104  175         0         r
   71  105  176         0         s
   72  102  174         0         p
   72  104  176         0         s
   72  105  177         0         r
   72  106  178         0         r
   72  107  179         0         r
   72  108  180         0         s
   73  107  180         0         p
   73  108  181         0         r
   74  106  180         0         p
   74  108  182         0         r
   74  109  183         0         r
   74  110  184         0         r
   74  112  186         0         r
   75  110  185         0         r
   75  112  187         0         r
   76  108  184         1         p
   76  110  186         0         s
   76  111  187         0         s
   76  112  188         0         r
   76  113  189         0         r
   76  114  190         0         r
   76  116  192        -1         r
   77  114  191         0         r
   77  116  193         0         r
   78  112  190         0         p
   78  114  192         0         s
   78  116  194         0         r
   78  117  195         0         r
   78  118  196         0         r
   78  120  198        -1         r
   79  118  197         0         r
   80  116  196         1         p
   80  118  198         0         s
   80  119  199         0         r
   80  120  200         0         s
   80  121  201         0         s
   80  122  202         0         s
   80  124  204        -1         r
   81  122  203         0         r
   81  124  205         0         s
   82  122  204         0         s
   82  124  206         0         r
   82  125  207         0         r
   82  126  208         0         r
   83  126  209         0         r
   90  142  232         0         r
   92  143  235         0         r
   92  146  238         0         r
   41   51   92         1         p
   43   54   97         1         p
   43   55   98         1         p
   62   84  146         1         p
